6.385015789419412613e-03
-6.279055774211883545e-02
-7.869952172040939331e-02
-2.312306314706802368e-02
1.562457997351884842e-02
2.056062407791614532e-02
-7.413919270038604736e-02
-3.941723704338073730e-02
-1.258345097303390503e-01
-3.457264229655265808e-02
3.463502228260040283e-02
6.627470999956130981e-02
9.430959075689315796e-02
-1.384545564651489258e-01
1.978373527526855469e-02
-5.361359193921089172e-02
1.346942335367202759e-01
2.174425311386585236e-02
1.212929859757423401e-01
2.087948024272918701e-01
-1.556648761034011841e-01
5.431305617094039917e-02
4.595128446817398071e-02
7.632471155375242233e-03
1.045994237065315247e-01
1.493043899536132812e-01
-4.749298095703125000e-02
-2.501091063022613525e-01
-1.996035128831863403e-02
5.867319926619529724e-02
3.480998054146766663e-02
-9.588695317506790161e-02
1.044596079736948013e-02
1.463071256875991821e-01
-1.482523884624242783e-02
8.153226971626281738e-02
9.152556955814361572e-02
1.600733771920204163e-02
8.950194716453552246e-02
9.035453200340270996e-02
4.644346237182617188e-02
-5.054177716374397278e-02
-2.978101931512355804e-02
8.742072433233261108e-02
-1.487574279308319092e-01
-1.377762854099273682e-02
5.761932581663131714e-02
3.437628224492073059e-02
-9.376908093690872192e-02
-3.662834316492080688e-02
8.545902371406555176e-02
9.083534590899944305e-03
-1.219890639185905457e-01
1.304986327886581421e-01
8.593954145908355713e-02
7.840506732463836670e-02
-7.269547879695892334e-02
-2.843164093792438507e-02
-2.056600302457809448e-01
-1.894753053784370422e-02
8.529492467641830444e-02
-9.304454177618026733e-02
-9.480857104063034058e-02
-1.806080937385559082e-01
3.907026350498199463e-02
-2.278963774442672729e-01
-1.338323354721069336e-01
-6.416659057140350342e-02
-4.352558404207229614e-02
8.213508874177932739e-02
-5.600168369710445404e-04
-7.506106048822402954e-02
7.590857148170471191e-02
7.686903327703475952e-02
-1.193308830261230469e-01
6.468066945672035217e-03
-2.855327911674976349e-02
-1.555843204259872437e-01
-1.156732439994812012e-01
-4.186510574072599411e-03
3.311458230018615723e-02
5.576092377305030823e-02
-2.498487196862697601e-02
-8.261395269073545933e-04
5.843062698841094971e-02
6.415141373872756958e-02
1.782092452049255371e-02
4.348974302411079407e-02
1.738391816616058350e-01
-2.323236130177974701e-02
9.235375374555587769e-02
1.727857142686843872e-01
1.204711124300956726e-01
-1.466660946607589722e-01
8.634708076715469360e-02
8.173445612192153931e-02
9.106510132551193237e-02
-5.068987142294645309e-03
7.975833117961883545e-02
3.648911044001579285e-02
1.051778644323348999e-01
5.946852639317512512e-02
-1.562744230031967163e-01
-4.728736728429794312e-02
1.442080922424793243e-02
-7.037519942969083786e-03
1.618949472904205322e-01
6.008923798799514771e-02
-6.615965813398361206e-02
-1.120162606239318848e-01
-9.746392071247100830e-02
-1.627481728792190552e-02
-3.425199538469314575e-02
-8.043275773525238037e-02
-5.487063154578208923e-02
6.848348677158355713e-02
-1.830811351537704468e-01
-1.128947362303733826e-01
-2.890031086280941963e-03
-9.871442615985870361e-02
6.620778888463973999e-02
-1.698416173458099365e-01
-2.182540595531463623e-01
-1.405086219310760498e-01
-7.272620499134063721e-02
-1.395268142223358154e-01
1.844734847545623779e-01
-7.929716259241104126e-02
8.642303943634033203e-02
-9.036913514137268066e-02
-6.587964599020779133e-04
2.186283916234970093e-01
-1.400270611047744751e-01
-5.160903930664062500e-02
1.058781445026397705e-01
-3.627733513712882996e-02
3.082462772727012634e-02
8.617401868104934692e-02
1.700643002986907959e-01
6.286240369081497192e-02
-2.814523503184318542e-02
-2.014323137700557709e-02
5.180321261286735535e-02
-3.152558580040931702e-02
3.034790977835655212e-02
3.625597804784774780e-02
-2.150008827447891235e-02
3.488721698522567749e-02
-2.266588434576988220e-02
-2.025239728391170502e-02
4.086652398109436035e-02
4.851421341300010681e-02
1.013565361499786377e-01
1.248285174369812012e-01
2.342340722680091858e-02
-5.439993366599082947e-02
5.737668275833129883e-02
1.040344238281250000e-01
1.693186163902282715e-01
2.450486272573471069e-02
4.830922000110149384e-03
-1.054610982537269592e-01
1.773852109909057617e-01
3.539295867085456848e-02
1.082727611064910889e-01
-2.604526840150356293e-02
7.527806609869003296e-02
1.692775189876556396e-01
3.375164419412612915e-02
-1.616714894771575928e-01
4.548042640089988708e-02
-8.186010271310806274e-02
-2.126657515764236450e-01
-1.241130903363227844e-01
1.143252197653055191e-02
-2.644230723381042480e-01
3.963106125593185425e-02
1.782313585281372070e-01
6.089374050498008728e-02
6.113805621862411499e-02
-1.558484435081481934e-01
5.403000861406326294e-02
1.322472393512725830e-01
-2.979257144033908844e-02
1.546031981706619263e-01
2.397568374872207642e-01
1.554514467716217041e-02
-8.247937262058258057e-02
7.997300475835800171e-02
-2.673190534114837646e-01
-7.692307233810424805e-02
-1.095518171787261963e-01
2.730579487979412079e-02
-1.847681403160095215e-01
-1.107868552207946777e-01
5.068601295351982117e-02
-4.381616041064262390e-02
-2.859209105372428894e-02
-1.160691753029823303e-01
2.067109495401382446e-01
