1.512980014085769653e-01
5.897614359855651855e-02
-3.960203006863594055e-02
4.446282237768173218e-02
1.579159051179885864e-01
1.448272615671157837e-01
-5.954971909523010254e-02
-9.959378838539123535e-02
-1.256118267774581909e-01
3.227571770548820496e-02
3.429372981190681458e-02
-3.904075175523757935e-02
-2.654716968536376953e-01
1.122703924775123596e-01
-1.135172918438911438e-01
-1.286603789776563644e-02
-7.208738476037979126e-02
-1.823324561119079590e-01
-2.229486964643001556e-02
-2.429072745144367218e-02
1.738274693489074707e-01
-1.137333214282989502e-01
3.977382183074951172e-02
-4.051481559872627258e-02
-1.617320179939270020e-01
-1.278041303157806396e-02
2.146508842706680298e-01
-7.773499190807342529e-02
7.765632122755050659e-02
-3.530522063374519348e-02
-1.315648853778839111e-01
-4.612122848629951477e-02
4.674293566495180130e-03
-2.422766089439392090e-01
-4.007169231772422791e-02
-1.840117573738098145e-02
-7.410191744565963745e-02
1.315026581287384033e-01
-1.491439938545227051e-01
4.777678847312927246e-02
9.955831617116928101e-02
4.534806311130523682e-02
1.127475574612617493e-01
-3.280762955546379089e-02
-3.724303469061851501e-02
4.597787186503410339e-02
-1.512169688940048218e-01
5.742953717708587646e-02
1.500002294778823853e-01
5.199226364493370056e-02
-6.650426238775253296e-02
2.922991849482059479e-02
2.940873056650161743e-02
-1.933765560388565063e-01
9.448006749153137207e-02
-6.874665617942810059e-02
-7.754389941692352295e-02
3.010838478803634644e-02
-8.294405043125152588e-02
-1.556709408760070801e-01
-7.473520189523696899e-02
-4.229868575930595398e-02
-3.033914975821971893e-02
-1.902365088462829590e-01
-1.827551238238811493e-02
8.863256871700286865e-02
1.340908743441104889e-02
-1.697656512260437012e-02
-7.952041178941726685e-02
-1.941475570201873779e-01
-9.213559329509735107e-02
-4.698488861322402954e-02
4.598535597324371338e-03
-4.652328416705131531e-02
-9.807638823986053467e-02
-7.521498203277587891e-02
3.983052074909210205e-02
-1.823339760303497314e-01
-6.468033790588378906e-02
-1.702696979045867920e-01
-9.654331207275390625e-02
-1.261177957057952881e-01
3.249317407608032227e-02
-1.262612938880920410e-01
-8.097671717405319214e-02
-7.345849275588989258e-02
-2.196570783853530884e-01
-1.202424243092536926e-01
-1.582786440849304199e-02
4.002722725272178650e-02
-2.667405307292938232e-01
3.605256974697113037e-02
-1.751204580068588257e-01
2.174237370491027832e-01
-2.842732332646846771e-02
-5.650391429662704468e-02
-8.409873396158218384e-02
4.068248346447944641e-02
6.975687295198440552e-02
1.265070438385009766e-01
-1.577801853418350220e-01
-7.683527469635009766e-02
-1.244064867496490479e-01
-3.068718872964382172e-02
1.597397923469543457e-01
-5.958061199635267258e-03
1.116805523633956909e-01
-1.402564048767089844e-01
-1.083828583359718323e-01
-3.737561404705047607e-02
6.003718823194503784e-02
-4.016208276152610779e-02
-6.523203104734420776e-03
5.941448360681533813e-02
-2.579659223556518555e-01
2.729772217571735382e-02
5.017899349331855774e-02
1.027821972966194153e-01
-5.790181085467338562e-02
-1.343611329793930054e-01
-1.781089603900909424e-01
-4.984215646982192993e-02
2.074471414089202881e-01
1.754212230443954468e-01
-8.209904283285140991e-02
-6.666005402803421021e-02
5.672524869441986084e-02
2.610642910003662109e-01
-5.622603930532932281e-03
-2.309070155024528503e-02
-4.826472699642181396e-02
4.166373610496520996e-02
-8.390182629227638245e-03
1.129903085529804230e-02
1.721250265836715698e-01
-1.145172044634819031e-01
6.870701164007186890e-02
7.099462300539016724e-02
-1.372029185295104980e-01
-7.207131385803222656e-02
-1.323851495981216431e-01
1.088782679289579391e-02
3.307517617940902710e-02
6.645125895738601685e-02
-9.768683463335037231e-03
-1.157551109790802002e-01
2.323453081771731377e-03
-1.647012121975421906e-02
-8.885069936513900757e-02
-1.981867663562297821e-02
7.813563197851181030e-02
-9.189014136791229248e-02
-1.787483543157577515e-01
8.704199641942977905e-02
5.219994112849235535e-03
1.312820315361022949e-01
3.630343824625015259e-02
-1.323268115520477295e-01
-6.003478914499282837e-02
9.144364297389984131e-02
-1.052940078079700470e-02
8.195608109235763550e-02
-1.500160247087478638e-01
3.582743462175130844e-03
1.261798441410064697e-01
3.943403251469135284e-03
-3.625720366835594177e-02
6.630894541740417480e-02
-4.656337946653366089e-02
-1.360580883920192719e-02
-4.681243374943733215e-02
-2.003787159919738770e-01
-1.332008987665176392e-01
1.402096450328826904e-01
-2.912330627441406250e-01
7.648724317550659180e-02
-1.718367338180541992e-01
-1.517803128808736801e-02
-7.539834082126617432e-02
-8.171558380126953125e-02
1.508235186338424683e-01
-1.372638195753097534e-01
-7.706530392169952393e-02
8.498524129390716553e-02
-3.646400570869445801e-02
-1.573639735579490662e-02
1.227217763662338257e-01
-1.054681167006492615e-01
-1.219400539994239807e-01
5.131580308079719543e-02
-7.870694249868392944e-02
-1.704121530055999756e-01
7.776920497417449951e-02
1.746252179145812988e-02
7.840305566787719727e-02
-4.883567988872528076e-02
1.030594334006309509e-01
-1.076972037553787231e-01
1.150476709008216858e-01
-5.334855988621711731e-03
