1.243276987224817276e-02
-8.550087362527847290e-02
-3.215656876564025879e-01
-9.874380379915237427e-02
3.548072651028633118e-02
-1.206787209957838058e-02
9.919194132089614868e-02
-2.296765595674514771e-01
-3.535510003566741943e-01
3.267842903733253479e-02
5.491376388818025589e-03
-3.715408444404602051e-01
2.830575406551361084e-01
6.261085718870162964e-02
-6.921906024217605591e-02
4.634167626500129700e-02
-4.223916307091712952e-02
-1.873001456260681152e-01
9.488693624734878540e-02
-7.666132296435534954e-05
2.137550115585327148e-01
1.893211305141448975e-01
-2.495336234569549561e-01
9.283820539712905884e-02
-7.207848876714706421e-02
9.550962597131729126e-02
-7.343514263629913330e-02
-5.183414369821548462e-02
4.466492682695388794e-02
-6.632976979017257690e-02
-1.449809968471527100e-01
1.889667361974716187e-01
7.753091305494308472e-02
-1.444973200559616089e-01
-1.889305189251899719e-02
-1.868260502815246582e-01
-2.655152231454849243e-02
1.598991155624389648e-01
1.600307598710060120e-02
7.308880984783172607e-02
-3.022513538599014282e-02
-1.160907149314880371e-01
1.581955701112747192e-01
5.279594915919005871e-04
-1.654007472097873688e-02
-2.739739418029785156e-01
1.876980252563953400e-02
1.220169514417648315e-01
1.447692662477493286e-01
1.005483493208885193e-01
-2.068556472659111023e-02
-7.449479401111602783e-02
-4.222869756631553173e-05
-1.677764952182769775e-01
-9.521064162254333496e-02
-6.970188021659851074e-02
3.284012377262115479e-01
-2.615123055875301361e-02
3.486215770244598389e-01
-1.028977632522583008e-01
4.873953759670257568e-02
-1.177033185958862305e-01
-8.094476163387298584e-02
-7.213649805635213852e-03
4.405708611011505127e-02
6.788621842861175537e-02
2.923869788646697998e-01
-2.400003373622894287e-02
7.327423244714736938e-02
-8.979713916778564453e-02
6.533763557672500610e-02
-2.464156597852706909e-02
1.156401187181472778e-01
4.419962763786315918e-01
1.083359420299530029e-01
-1.589484326541423798e-02
-8.282064646482467651e-02
-3.614889830350875854e-02
-1.489097194280475378e-04
1.310521364212036133e-01
-1.508087366819381714e-01
-3.388212621212005615e-02
-1.165837720036506653e-01
-4.296650364995002747e-02
1.115176593884825706e-03
-5.666894465684890747e-02
1.424775272607803345e-01
-8.557710796594619751e-02
-5.840665102005004883e-02
-1.900076568126678467e-01
1.847218573093414307e-01
2.007663846015930176e-01
1.697396486997604370e-01
8.770068734884262085e-02
7.551380433142185211e-03
3.875408694148063660e-02
-9.588910266757011414e-03
2.945392131805419922e-01
-1.217799410223960876e-01
5.335833877325057983e-02
-7.401951402425765991e-02
7.187156379222869873e-02
1.144427992403507233e-02
3.781551122665405273e-02
1.031021624803543091e-01
4.285294562578201294e-02
7.460279017686843872e-02
-1.714119911193847656e-01
1.520193461328744888e-02
-1.959956586360931396e-01
-4.559414088726043701e-02
-1.197423413395881653e-01
9.875627234578132629e-03
2.702392041683197021e-01
-1.800372451543807983e-01
-1.487650871276855469e-01
-7.254065573215484619e-02
6.055806577205657959e-02
1.055171936750411987e-01
1.253058668226003647e-02
-7.147663086652755737e-02
-1.887627691030502319e-02
-1.358629912137985229e-01
-1.127407178282737732e-01
2.127734720706939697e-01
-7.114272564649581909e-02
9.772045910358428955e-02
1.502636075019836426e-01
-9.472070634365081787e-02
2.541997730731964111e-01
-8.190272375941276550e-03
-1.444576978683471680e-01
-8.337189257144927979e-02
6.996569782495498657e-02
-1.457785367965698242e-01
-2.616121619939804077e-02
1.383274234831333160e-02
1.273968368768692017e-01
1.050899848341941833e-01
1.331208199262619019e-01
1.457277089357376099e-01
-3.923484310507774353e-02
-1.005309373140335083e-01
8.193006366491317749e-02
8.363369852304458618e-02
2.018082439899444580e-01
2.038311809301376343e-01
1.153100505471229553e-01
1.295346673578023911e-02
-1.350030452013015747e-01
1.199714392423629761e-01
-7.414170354604721069e-02
1.332944184541702271e-01
-1.343563050031661987e-01
2.578127011656761169e-02
-1.367064416408538818e-01
-2.213799506425857544e-01
-3.827935159206390381e-01
2.207109518349170685e-02
5.391683056950569153e-02
-2.770251780748367310e-02
1.887919567525386810e-02
3.962725400924682617e-02
3.395541906356811523e-01
-3.128366544842720032e-02
-1.914897114038467407e-01
-1.042548418045043945e-01
1.700846850872039795e-01
-6.658180058002471924e-02
-5.056534707546234131e-02
3.245853260159492493e-02
1.931057311594486237e-02
9.829043596982955933e-02
1.003052368760108948e-01
-2.879595011472702026e-02
2.772134728729724884e-02
-3.311581015586853027e-01
-1.017620787024497986e-01
-4.470181465148925781e-02
1.743381470441818237e-02
-3.339361548423767090e-01
4.722701013088226318e-01
-7.556600030511617661e-03
3.589778542518615723e-01
-2.334434539079666138e-01
-8.697944879531860352e-02
6.373827159404754639e-02
-1.742684990167617798e-01
-3.626084327697753906e-02
6.861408799886703491e-02
5.930758267641067505e-02
3.356427252292633057e-01
3.863734751939773560e-02
6.509246677160263062e-02
-1.224184781312942505e-01
-1.615950278937816620e-02
9.116666018962860107e-02
-9.613244794309139252e-03
8.626387268304824829e-02
4.691727831959724426e-02
