2.889555180445313454e-04
6.090797949582338333e-03
-4.295584186911582947e-02
-1.239664405584335327e-01
1.075897663831710815e-01
-2.604736089706420898e-01
4.751354455947875977e-03
-3.285118639469146729e-01
-4.618474841117858887e-02
-9.662208706140518188e-02
7.924232631921768188e-02
-1.341053545475006104e-01
-7.279283017851412296e-04
6.278257817029953003e-02
-3.641488403081893921e-02
1.949516311287879944e-02
1.464548259973526001e-01
-5.038754642009735107e-02
1.161033436655998230e-01
3.451860323548316956e-02
1.959718205034732819e-02
9.297282248735427856e-02
8.755111694335937500e-02
1.182843372225761414e-02
7.250551134347915649e-02
-9.146745502948760986e-02
9.534358978271484375e-02
-6.902983784675598145e-02
2.231450974941253662e-01
-5.153955426067113876e-03
-4.529162868857383728e-02
3.565577045083045959e-02
-3.227531313896179199e-01
2.368719689548015594e-02
-1.480371784418821335e-02
-1.238455995917320251e-01
-1.437615752220153809e-01
9.984575957059860229e-02
-7.365271449089050293e-02
-8.824595808982849121e-02
-1.275664865970611572e-01
1.186682879924774170e-01
-2.367302076891064644e-03
-8.143977262079715729e-03
-6.704872846603393555e-02
-1.457118708640336990e-02
1.001087948679924011e-02
-5.132121592760086060e-02
7.250182330608367920e-02
5.862775444984436035e-02
-9.586566011421382427e-04
-4.582095891237258911e-02
-1.317626088857650757e-01
9.912767261266708374e-02
-8.197918534278869629e-03
-4.679484665393829346e-02
-7.124215364456176758e-02
-2.042780220508575439e-01
2.013710737228393555e-01
3.843033686280250549e-02
-1.349219493567943573e-02
1.004254743456840515e-01
1.404805779457092285e-01
2.604222893714904785e-01
-1.537579745054244995e-01
-4.842256382107734680e-02
-4.037560895085334778e-02
-1.426453888416290283e-01
4.048865288496017456e-02
-4.675054550170898438e-02
-8.200833573937416077e-03
1.673194319009780884e-01
-1.251453068107366562e-02
1.044319048523902893e-01
-3.754405677318572998e-02
-2.258074469864368439e-02
-2.911970950663089752e-02
-9.299740940332412720e-02
6.518732011318206787e-02
-2.586692944169044495e-02
-5.634776130318641663e-02
-4.229206964373588562e-02
1.036018505692481995e-01
6.863560527563095093e-02
2.569738626480102539e-01
6.195962801575660706e-02
1.696657948195934296e-02
9.293314069509506226e-02
1.530327051877975464e-01
-9.515113383531570435e-02
-9.388335049152374268e-02
-1.250717639923095703e-01
-1.768228262662887573e-01
1.198250129818916321e-01
4.168506711721420288e-02
-2.821235358715057373e-02
4.500839859247207642e-02
-1.511760242283344269e-02
8.366017043590545654e-02
-6.080364808440208435e-02
-1.050642356276512146e-01
9.506416320800781250e-02
-4.799276217818260193e-02
-4.979621991515159607e-02
1.353732347488403320e-01
8.087623864412307739e-03
4.227199032902717590e-02
-1.110709458589553833e-01
-1.611301898956298828e-01
8.345451205968856812e-03
1.036139950156211853e-02
-1.051869094371795654e-01
-8.046623319387435913e-02
1.070804297924041748e-01
1.114686056971549988e-01
-6.291864812374114990e-02
-1.550753563642501831e-01
9.136981517076492310e-02
7.381648570299148560e-02
-1.586897671222686768e-01
-2.415075153112411499e-02
-3.095292113721370697e-02
7.360107451677322388e-02
-5.721384286880493164e-02
5.636368319392204285e-02
1.257127374410629272e-01
3.944671154022216797e-02
4.603761434555053711e-02
-1.643328219652175903e-01
-4.855930432677268982e-02
-1.291250437498092651e-02
-7.856620848178863525e-02
-1.583643257617950439e-01
6.360419094562530518e-02
-6.635021418333053589e-02
-1.126670315861701965e-01
-8.482698351144790649e-02
1.826883293688297272e-02
2.164044529199600220e-01
2.032433822751045227e-02
1.272009965032339096e-02
1.154309064149856567e-01
4.637537151575088501e-02
6.257279962301254272e-02
2.313783466815948486e-01
2.894688583910465240e-02
-2.035078220069408417e-02
-4.796323925256729126e-02
-2.774325199425220490e-02
-1.657861322164535522e-01
5.790693312883377075e-02
3.689743578433990479e-02
-6.398640573024749756e-02
1.106640622019767761e-01
9.759344905614852905e-02
1.643695496022701263e-02
-1.267102197743952274e-03
-1.207303628325462341e-01
-4.983355849981307983e-02
5.435197148472070694e-03
1.048394218087196350e-01
5.705029517412185669e-02
8.432012051343917847e-02
-1.043000146746635437e-01
9.999112784862518311e-02
1.140449494123458862e-01
-8.086486905813217163e-02
7.666238397359848022e-02
1.113899704068899155e-02
7.479016203433275223e-03
-1.416605263948440552e-01
2.610004134476184845e-02
-5.787087231874465942e-02
9.289403259754180908e-02
-5.191696062684059143e-02
-8.792801201343536377e-02
3.498882055282592773e-02
-7.679767441004514694e-03
-1.524946652352809906e-02
-8.317852765321731567e-02
-8.104605227708816528e-02
2.034887671470642090e-01
-1.378894597291946411e-01
-8.171393722295761108e-02
1.296586692333221436e-01
8.206766843795776367e-02
6.917189061641693115e-02
5.896906927227973938e-02
4.433306679129600525e-02
2.618044801056385040e-02
-1.618683338165283203e-02
-6.264993548393249512e-02
4.480407014489173889e-02
3.312687948346138000e-02
-1.204989384859800339e-03
-8.228665217757225037e-03
6.742011010646820068e-02
9.066513180732727051e-02
2.150399610400199890e-02
5.283037945628166199e-02
