1.304317265748977661e-01
-1.798354834318161011e-01
1.292356383055448532e-02
-2.992051839828491211e-02
1.064564660191535950e-01
-1.048405915498733521e-01
1.472543030977249146e-01
-5.266823992133140564e-02
4.777543246746063232e-02
9.002619981765747070e-02
-1.594590838067233562e-03
-1.605468392372131348e-01
-1.902154274284839630e-02
1.406488865613937378e-01
-1.433703862130641937e-02
-3.751204535365104675e-02
-1.759324455633759499e-03
1.139465272426605225e-01
-3.796752542257308960e-02
-3.872364386916160583e-02
-2.908785268664360046e-02
1.585522666573524475e-02
-1.442544348537921906e-02
-7.242026925086975098e-02
1.108596995472908020e-01
6.427121162414550781e-02
-6.790911406278610229e-02
-2.760980464518070221e-02
1.749487668275833130e-01
-5.168604478240013123e-02
-1.755903959274291992e-01
-2.585918083786964417e-02
-1.310246586799621582e-01
-2.522286027669906616e-03
8.927585184574127197e-02
1.634468734264373779e-01
-1.207559369504451752e-02
1.010211035609245300e-01
6.153770373202860355e-04
-9.116867184638977051e-02
6.698611378669738770e-02
-7.085979729890823364e-02
-6.235196441411972046e-02
4.858669266104698181e-02
-7.511939108371734619e-02
5.111305415630340576e-02
-4.520551487803459167e-02
1.276183128356933594e-01
-8.219698071479797363e-02
1.645581275224685669e-01
1.258344203233718872e-01
-2.218615859746932983e-01
1.454234123229980469e-03
-5.554142966866493225e-02
-1.170906424522399902e-01
-1.057186350226402283e-02
1.877423934638500214e-02
4.004636779427528381e-02
7.713522017002105713e-02
-8.032415993511676788e-03
3.613275662064552307e-02
-5.124929919838905334e-02
2.241035103797912598e-01
-2.902075648307800293e-02
-5.223996564745903015e-02
-2.726207859814167023e-02
1.041564345359802246e-01
6.162366643548011780e-02
1.323458999395370483e-01
-1.873534470796585083e-01
-1.189363002777099609e-01
8.926664292812347412e-02
-3.462463617324829102e-02
1.045011207461357117e-01
1.626490801572799683e-02
-1.495936959981918335e-01
-4.368115589022636414e-02
-2.959160134196281433e-02
-1.799260079860687256e-02
-1.301373243331909180e-01
-7.221459597349166870e-02
1.354744471609592438e-02
-2.056680172681808472e-01
-1.027161478996276855e-01
8.748041093349456787e-02
9.552716463804244995e-02
1.433971077203750610e-01
1.283853650093078613e-01
-9.405941516160964966e-02
-4.498022049665451050e-02
-1.675753891468048096e-01
-1.499736332334578037e-03
1.922467909753322601e-02
1.317947357892990112e-01
-5.263683199882507324e-02
-8.995333313941955566e-02
-4.620606452226638794e-02
-1.273242831230163574e-01
-2.284834533929824829e-02
1.626395285129547119e-01
1.238537728786468506e-01
-3.982048109173774719e-02
-1.119886040687561035e-01
3.728798776865005493e-02
-4.255248233675956726e-03
-3.778659552335739136e-02
1.666490435600280762e-01
8.040283620357513428e-02
9.131776541471481323e-02
-8.433903008699417114e-02
3.142975270748138428e-02
-1.137143224477767944e-01
-1.284414231777191162e-01
-7.816442847251892090e-02
-2.580150216817855835e-02
-6.421872228384017944e-02
-4.993008077144622803e-02
-5.134386941790580750e-02
-8.372236043214797974e-02
-3.510138392448425293e-02
1.687213927507400513e-01
2.522280812263488770e-02
-1.451370120048522949e-02
-1.395686268806457520e-01
5.187699943780899048e-02
-3.815968334674835205e-02
7.815679162740707397e-02
1.026484891772270203e-01
3.161989152431488037e-02
-4.447589442133903503e-02
1.606817990541458130e-01
-3.744745394214987755e-03
3.495320677757263184e-02
5.110334232449531555e-02
-7.560325413942337036e-02
-3.281513229012489319e-02
1.583084277808666229e-02
-2.326891124248504639e-01
2.378389425575733185e-02
-8.997005969285964966e-02
-9.140390902757644653e-02
2.803952619433403015e-02
-1.995183899998664856e-02
-1.596805900335311890e-01
-4.648485034704208374e-02
-2.307159006595611572e-01
3.657113015651702881e-02
-1.021189168095588684e-01
1.586954891681671143e-01
-4.989617317914962769e-02
8.723956346511840820e-02
-1.973283290863037109e-01
-3.937476500868797302e-02
-5.396166350692510605e-03
7.417929917573928833e-02
-1.008322462439537048e-01
-6.478174775838851929e-02
-8.266069740056991577e-02
-7.398749887943267822e-02
3.653397038578987122e-02
8.216631412506103516e-02
-1.740193516016006470e-01
4.141841083765029907e-02
-9.905781596899032593e-02
1.429644320160150528e-02
-1.173423826694488525e-01
-3.395399823784828186e-02
5.895922705531120300e-02
1.516217272728681564e-02
-1.363046653568744659e-02
7.826728373765945435e-02
1.263527870178222656e-01
1.319442689418792725e-01
-1.703719645738601685e-01
-2.589805722236633301e-01
-7.334698736667633057e-02
1.086865272372961044e-02
2.136946469545364380e-01
-3.073465637862682343e-02
-1.042644679546356201e-02
-1.224878579378128052e-01
1.324289739131927490e-01
1.357152760028839111e-01
3.867762535810470581e-02
7.930673658847808838e-02
-2.808517403900623322e-02
-1.802664482966065407e-03
-2.128210291266441345e-02
-2.800892107188701630e-02
2.732431329786777496e-02
1.661467552185058594e-01
2.466379106044769287e-02
4.401026666164398193e-02
-1.040040552616119385e-01
1.894494295120239258e-01
-1.778514683246612549e-02
1.695988923311233521e-01
8.403510600328445435e-02
9.922429919242858887e-02
3.646346554160118103e-02
