-2.815640997141599655e-03
3.140123188495635986e-02
-1.103815734386444092e-01
2.246623858809471130e-02
5.043848603963851929e-02
5.511798337101936340e-02
2.513911724090576172e-01
2.562802657485008240e-02
1.526716202497482300e-01
-7.274467498064041138e-02
-5.722727626562118530e-02
2.389726974070072174e-02
1.884154975414276123e-02
1.326310336589813232e-01
7.340319454669952393e-02
-9.810747578740119934e-04
-4.238352552056312561e-02
6.252526491880416870e-02
5.744386091828346252e-02
3.659421950578689575e-02
1.056597083806991577e-01
-4.667057469487190247e-02
-1.043194532394409180e-01
-1.546565443277359009e-02
2.416653186082839966e-01
1.106561860069632530e-03
-3.188120573759078979e-02
-1.225867308676242828e-02
-5.641483003273606300e-04
-4.378310218453407288e-02
-1.033017784357070923e-01
2.827069908380508423e-02
2.666936814785003662e-02
-3.004042431712150574e-03
3.477247431874275208e-02
1.064484789967536926e-01
-5.481815710663795471e-02
-1.653063893318176270e-01
5.420411750674247742e-02
-1.554546952247619629e-01
9.812097996473312378e-02
4.563648998737335205e-02
-4.858315736055374146e-02
-3.962697461247444153e-02
-6.159858312457799911e-03
5.872756615281105042e-02
3.433075174689292908e-02
-1.273989826440811157e-01
-7.498521357774734497e-02
3.061857633292675018e-02
-1.863239705562591553e-01
4.104337468743324280e-02
5.861411243677139282e-02
-1.993434280157089233e-01
-1.375357210636138916e-01
8.570065349340438843e-02
6.356927752494812012e-02
8.678287267684936523e-02
-1.207450032234191895e-02
-6.127144023776054382e-02
4.454590007662773132e-02
8.046718686819076538e-02
-1.972623728215694427e-02
-2.922103926539421082e-02
9.068238735198974609e-02
3.047578036785125732e-02
2.846679091453552246e-02
-1.184331402182579041e-01
4.749225825071334839e-02
1.489592250436544418e-02
3.072207793593406677e-02
3.487651422619819641e-02
-1.509294956922531128e-01
5.247459560632705688e-02
-1.282844841480255127e-01
-1.522313207387924194e-01
-9.020961076021194458e-02
1.309501081705093384e-01
6.527710705995559692e-02
-1.586867310106754303e-02
2.500686794519424438e-02
1.522397547960281372e-01
-5.092318356037139893e-02
1.699757277965545654e-01
1.184075325727462769e-01
6.712812930345535278e-03
8.157260715961456299e-02
1.836892366409301758e-01
-2.206042036414146423e-02
-5.413468182086944580e-02
8.234355598688125610e-02
4.334623925387859344e-03
9.613072872161865234e-02
7.822585292160511017e-03
-3.155099973082542419e-02
-5.612168088555335999e-02
-1.278487443923950195e-01
2.400759607553482056e-01
1.028249859809875488e-01
-6.736645847558975220e-02
-2.866413630545139313e-02
-1.188476234674453735e-01
-1.963061979040503502e-03
-8.733156323432922363e-02
-4.214551672339439392e-02
-5.180556327104568481e-02
-5.648622289299964905e-02
1.965723372995853424e-02
4.792139306664466858e-02
1.404298394918441772e-01
1.586700044572353363e-02
6.225624680519104004e-02
-1.261707544326782227e-01
5.262245982885360718e-02
3.960684873163700104e-03
-2.240607701241970062e-02
8.100202679634094238e-02
7.018712162971496582e-02
1.236973404884338379e-01
-4.939603060483932495e-02
-7.499232888221740723e-02
-1.769985817372798920e-02
6.767360866069793701e-02
6.315886974334716797e-02
-7.442106306552886963e-02
-6.261950731277465820e-02
1.234663724899291992e-01
1.349930912256240845e-01
-6.896414328366518021e-03
-2.170863747596740723e-02
6.141385063529014587e-02
1.033087298274040222e-01
-6.140629947185516357e-02
1.025993600487709045e-01
-1.167883053421974182e-01
-5.975357070565223694e-02
-6.996386498212814331e-02
-3.869079425930976868e-02
1.025567427277565002e-01
-1.311312802135944366e-02
1.699086278676986694e-01
-1.031802385114133358e-03
1.123591586947441101e-01
-4.142467305064201355e-02
8.026973158121109009e-02
7.693699747323989868e-02
-9.235253185033798218e-02
-1.097076386213302612e-01
1.742294877767562866e-01
1.448494344949722290e-01
1.772240102291107178e-01
-8.672090247273445129e-03
-9.793864935636520386e-02
7.225946057587862015e-03
-9.677036106586456299e-02
-2.838700311258435249e-04
-6.022405344992876053e-03
1.949777752161026001e-01
4.331553727388381958e-02
-9.776750952005386353e-02
9.625004231929779053e-02
-5.119997542351484299e-03
1.063536480069160461e-01
-9.616457670927047729e-02
4.738825559616088867e-02
4.955435916781425476e-02
1.311878114938735962e-01
-6.395433843135833740e-02
-1.274921298027038574e-01
-2.814811095595359802e-02
6.183543708175420761e-03
-8.581195771694183350e-02
2.231854945421218872e-03
4.545471444725990295e-02
-7.525289803743362427e-02
7.774580270051956177e-02
-1.164846792817115784e-01
-7.164827734231948853e-02
1.010123789310455322e-01
-8.221153169870376587e-02
-1.191455200314521790e-01
6.509975343942642212e-02
6.262892484664916992e-02
2.138956338167190552e-01
-3.006166219711303711e-02
-2.321627177298069000e-02
1.062080860137939453e-01
8.310581743717193604e-02
-7.624385878443717957e-03
1.109581887722015381e-01
4.340511560440063477e-02
-4.079209268093109131e-02
-2.296635694801807404e-02
2.256275862455368042e-01
9.386301785707473755e-02
1.240788027644157410e-01
-2.061489596962928772e-02
2.737101912498474121e-02
-8.133681863546371460e-02
5.777907744050025940e-02
7.713430095463991165e-03
-1.130445376038551331e-01
-1.709111407399177551e-02
1.024616509675979614e-01
-3.665223717689514160e-02
-7.120655477046966553e-02
-9.916389733552932739e-02
-9.502411633729934692e-02
-6.127110100351274014e-04
-9.652672708034515381e-02
-4.098742455244064331e-02
1.256261467933654785e-01
9.418359026312828064e-03
2.522814571857452393e-01
-2.369189448654651642e-02
3.281959518790245056e-02
2.632974088191986084e-02
-2.559709548950195312e-02
-1.994200050830841064e-02
2.473885752260684967e-02
4.112831130623817444e-02
-3.571929782629013062e-02
6.806372106075286865e-02
1.277897506952285767e-01
2.793884091079235077e-02
3.295173868536949158e-02
3.636368736624717712e-02
1.653383299708366394e-02
-1.623705923557281494e-01
-4.841220378875732422e-02
-2.762339776381850243e-03
-1.278691142797470093e-01
2.149616740643978119e-02
-6.743472069501876831e-02
1.321280896663665771e-01
5.270944535732269287e-02
-1.693148761987686157e-01
-3.855068981647491455e-02
8.183186501264572144e-02
-2.083779573440551758e-01
1.290636956691741943e-01
1.088513731956481934e-01
1.681405007839202881e-01
9.301679581403732300e-02
-5.626992136240005493e-02
1.162831708788871765e-01
-6.894879043102264404e-02
8.519583195447921753e-02
3.151854500174522400e-02
-2.740782126784324646e-02
2.860469743609428406e-02
1.171726286411285400e-01
8.846249431371688843e-03
9.041655063629150391e-02
6.653013825416564941e-02
6.493764370679855347e-02
-4.146546125411987305e-02
-1.192263141274452209e-01
-1.391427516937255859e-01
6.595780700445175171e-02
2.611751854419708252e-02
-1.243256926536560059e-01
-5.858954414725303650e-02
7.232773303985595703e-02
1.958131939172744751e-01
1.593636721372604370e-01
3.376742824912071228e-02
2.407728694379329681e-02
3.191943094134330750e-02
-2.998125925660133362e-02
-2.484261523932218552e-03
2.225936017930507660e-02
-1.038008928298950195e-02
2.668267115950584412e-02
-3.648626431822776794e-02
-5.246871337294578552e-02
2.676375806331634521e-01
1.685880273580551147e-01
6.396034359931945801e-02
-1.511701475828886032e-02
2.022718451917171478e-02
1.106243431568145752e-01
-9.859113395214080811e-02
2.207585871219635010e-01
-7.404952496290206909e-02
1.347849369049072266e-01
1.802589297294616699e-01
2.658417448401451111e-02
-2.618698636069893837e-03
-1.329239923506975174e-02
1.467356551438570023e-02
1.477435082197189331e-01
-6.845431774854660034e-02
2.245085686445236206e-02
-1.163842156529426575e-01
-5.934036523103713989e-02
2.364818705245852470e-03
7.493863254785537720e-02
-5.971440579742193222e-03
-9.203989058732986450e-03
-1.296927779912948608e-01
1.927673965692520142e-01
-5.269034579396247864e-02
-5.501171946525573730e-02
2.296448051929473877e-01
-5.734499078243970871e-03
6.768829189240932465e-04
-2.767689153552055359e-02
-1.430307049304246902e-02
4.942172393202781677e-02
1.006628572940826416e-01
-4.165383055806159973e-03
1.431409567594528198e-01
1.245829835534095764e-01
-2.343363873660564423e-02
-2.698718383908271790e-02
1.262792646884918213e-01
1.412395983934402466e-01
-7.018974423408508301e-02
7.362081855535507202e-02
-2.920359931886196136e-02
-1.700726449489593506e-01
-1.213785856962203979e-01
1.623497158288955688e-01
-7.668028771877288818e-02
-2.305043339729309082e-01
-1.857141703367233276e-01
9.638798236846923828e-02
1.854431442916393280e-02
-1.175173558294773102e-02
-8.364940434694290161e-02
4.490131884813308716e-02
1.028793584555387497e-02
-1.781629212200641632e-02
9.793704375624656677e-03
1.560754179954528809e-01
-1.113665252923965454e-01
1.348444968461990356e-01
-1.319333612918853760e-01
4.300934821367263794e-02
6.023727729916572571e-02
4.154454544186592102e-02
-2.002000110223889351e-03
-1.718512773513793945e-01
-1.071723625063896179e-01
-4.021781310439109802e-02
-1.069337502121925354e-01
-2.252484671771526337e-03
-1.338363289833068848e-01
5.403522029519081116e-02
8.268257975578308105e-02
1.146954596042633057e-01
6.322879344224929810e-02
-5.046382546424865723e-02
-5.379738286137580872e-02
4.933427646756172180e-02
-1.493565142154693604e-01
6.279618293046951294e-02
-3.382352739572525024e-02
-8.961135149002075195e-02
7.061827462166547775e-03
-1.457263529300689697e-01
2.423969842493534088e-02
8.049990236759185791e-02
-3.145760297775268555e-02
-6.396055221557617188e-02
7.454463094472885132e-02
-1.502027362585067749e-02
-1.525808423757553101e-01
-9.549848735332489014e-02
8.161640912294387817e-02
-1.234075129032135010e-01
-5.663002282381057739e-02
2.643774822354316711e-02
-2.773500792682170868e-02
2.170295417308807373e-01
-6.885509192943572998e-02
-4.090392962098121643e-02
-8.261252194643020630e-02
1.307205408811569214e-01
-6.870277971029281616e-02
9.571625292301177979e-02
-2.548491954803466797e-02
-3.901256993412971497e-02
-1.812389791011810303e-01
-2.957409620285034180e-02
-5.961500108242034912e-02
-4.964238405227661133e-02
-6.671553850173950195e-02
-6.370394676923751831e-02
5.921047180891036987e-03
7.860300689935684204e-02
-5.854827538132667542e-02
2.712314017117023468e-02
5.902172997593879700e-03
-1.247456297278404236e-01
9.431914985179901123e-02
-3.927363827824592590e-02
-5.173973739147186279e-02
-2.875012112781405449e-03
-1.151021644473075867e-01
-9.811384230852127075e-02
5.097475647926330566e-02
-1.660726815462112427e-01
-6.077055260539054871e-02
1.285593360662460327e-01
1.828318834304809570e-02
-1.288830041885375977e-01
7.688183337450027466e-02
-4.829761385917663574e-02
5.519172176718711853e-02
-2.435376122593879700e-02
4.652161896228790283e-02
-2.641536854207515717e-02
-8.428274095058441162e-02
-1.752136796712875366e-01
-5.241626873612403870e-02
5.718440283089876175e-03
-5.667397752404212952e-02
-1.146716251969337463e-01
9.144990891218185425e-02
2.718357369303703308e-02
1.735839294269680977e-03
3.141144663095474243e-02
-2.142887748777866364e-02
-3.180876374244689941e-02
-3.505460172891616821e-02
-1.222260878421366215e-03
1.277466118335723877e-01
8.125228807330131531e-03
9.186694025993347168e-02
8.915887027978897095e-02
-6.167154759168624878e-02
-9.239438921213150024e-02
-5.751233175396919250e-02
1.891091167926788330e-01
-8.236605674028396606e-02
-1.206631399691104889e-02
-5.948147177696228027e-02
7.193493843078613281e-02
3.994123265147209167e-02
9.489699453115463257e-02
-5.488924309611320496e-02
3.865857794880867004e-02
-4.410788044333457947e-02
-3.539744392037391663e-02
9.146290831267833710e-03
-4.441284760832786560e-02
1.139194741845130920e-01
8.297426998615264893e-02
-2.475196029990911484e-03
-8.356919884681701660e-02
-4.417775943875312805e-02
-2.328935824334621429e-02
4.410979896783828735e-02
-4.390650428831577301e-03
-1.011133193969726562e-01
1.393174678087234497e-01
5.652783066034317017e-02
1.749359816312789917e-02
-1.193130295723676682e-02
-4.464680328965187073e-02
-1.330108940601348877e-01
-5.384691059589385986e-02
1.025618165731430054e-01
-3.648748621344566345e-02
-4.455677792429924011e-02
-3.049339912831783295e-02
4.356987029314041138e-02
4.223904758691787720e-02
6.247920915484428406e-02
-8.657126873731613159e-02
-7.810048758983612061e-02
1.345279663801193237e-01
-2.615981996059417725e-01
-7.756579667329788208e-02
6.917878240346908569e-02
6.862796843051910400e-02
-4.995853081345558167e-02
-7.156179845333099365e-02
3.738990426063537598e-02
4.443961754441261292e-02
4.335895553231239319e-02
-1.128168925642967224e-01
-1.110754609107971191e-01
-3.408733988180756569e-03
-7.805100828409194946e-02
2.670932374894618988e-02
-6.800876557826995850e-02
8.487091958522796631e-02
9.245768189430236816e-02
4.053408652544021606e-02
-2.803330682218074799e-02
6.506673991680145264e-03
5.807245895266532898e-02
6.639169901609420776e-02
6.265642587095499039e-03
-3.587495908141136169e-02
-8.294367045164108276e-02
2.049699276685714722e-01
8.098654448986053467e-02
-7.842406630516052246e-02
-3.084379807114601135e-02
5.708100274205207825e-02
2.044540643692016602e-01
3.733063861727714539e-02
6.984383612871170044e-02
-1.485155820846557617e-01
-1.962168462341651320e-04
8.958908170461654663e-02
1.857623606920242310e-01
-2.269987016916275024e-02
4.558555409312248230e-02
-6.079763174057006836e-02
1.278153359889984131e-01
-4.681292921304702759e-02
-6.726305186748504639e-02
5.367839243263006210e-03
-2.705926634371280670e-02
-3.604062274098396301e-02
5.213945731520652771e-02
-4.119042307138442993e-03
-3.809201717376708984e-02
8.413613773882389069e-03
-6.472402811050415039e-02
6.125747412443161011e-02
-8.763866499066352844e-03
2.202663011848926544e-02
2.926846742630004883e-01
1.686501353979110718e-01
-1.132034976035356522e-02
4.170396178960800171e-02
-9.972020238637924194e-02
-5.656735599040985107e-02
-1.605823263525962830e-02
8.548095822334289551e-02
-4.839104041457176208e-02
1.494963020086288452e-01
-2.560920454561710358e-02
6.145850196480751038e-02
4.149873927235603333e-02
-1.499307304620742798e-01
-7.034439127892255783e-03
5.186963453888893127e-02
1.686600036919116974e-03
-1.069756317883729935e-02
-1.848489604890346527e-02
-2.307828366756439209e-01
-1.003234386444091797e-01
1.811629347503185272e-02
-1.813130080699920654e-01
3.675871342420578003e-02
3.379539772868156433e-02
-1.084620431065559387e-01
7.595077157020568848e-02
8.431241661310195923e-02
-2.214870601892471313e-01
4.974990710616111755e-02
1.274530589580535889e-01
-2.762268856167793274e-02
1.189034357666969299e-01
-1.204741932451725006e-02
3.138888999819755554e-02
1.824674904346466064e-01
6.209697574377059937e-02
-3.884853795170783997e-02
-9.452882409095764160e-02
1.286955773830413818e-01
-2.175238169729709625e-02
-5.672081373631954193e-03
