1.855115755461156368e-03
1.978478878736495972e-01
3.055561520159244537e-02
1.882255822420120239e-01
-1.707082800567150116e-02
-6.333182565867900848e-03
-3.047273308038711548e-02
9.496469050645828247e-03
-5.535449460148811340e-02
-8.589576184749603271e-02
1.390270050615072250e-02
-1.519267410039901733e-01
-2.917532995343208313e-02
2.034774720668792725e-01
-3.187006339430809021e-02
-1.693170145153999329e-02
-6.847872585058212280e-02
-1.057778894901275635e-01
2.348177134990692139e-02
-1.067486330866813660e-01
1.769234836101531982e-01
-3.099774383008480072e-02
-9.125316143035888672e-02
-7.195825874805450439e-02
9.325464069843292236e-02
8.275817334651947021e-02
-5.900339782238006592e-02
-1.065567135810852051e-01
-5.874563753604888916e-02
-1.207408607006072998e-01
-7.462546229362487793e-02
-9.333524852991104126e-02
-4.146414250135421753e-02
-2.130006253719329834e-02
4.646742343902587891e-02
-5.202988162636756897e-02
7.326108217239379883e-02
-8.885316550731658936e-02
-1.910398341715335846e-02
3.961644321680068970e-02
-2.773262560367584229e-01
6.358867883682250977e-02
-1.219944134354591370e-01
1.698735207319259644e-01
1.304013282060623169e-01
7.059050351381301880e-02
2.255433239042758942e-02
-1.766433417797088623e-01
-4.470908641815185547e-02
-1.710754483938217163e-01
5.903509631752967834e-02
3.218135237693786621e-02
-3.123193047940731049e-02
-1.610861271619796753e-01
-1.007738783955574036e-01
2.575774192810058594e-01
2.941914834082126617e-02
-1.640992797911167145e-02
-5.041687563061714172e-02
3.856423497200012207e-02
-1.039860546588897705e-01
8.974597603082656860e-02
1.261174380779266357e-01
2.944127470254898071e-02
3.006991557776927948e-02
1.689965575933456421e-01
-2.002421617507934570e-01
1.120271626859903336e-03
-1.455668509006500244e-01
-1.290144622325897217e-01
-8.873370289802551270e-02
-2.001648843288421631e-01
1.176914107054471970e-02
-4.493722692131996155e-02
1.724291890859603882e-01
1.476584374904632568e-02
-2.549904398620128632e-02
3.517884388566017151e-02
7.248330861330032349e-02
1.637918949127197266e-01
5.716240406036376953e-02
-1.489969193935394287e-01
-1.243587583303451538e-02
-2.864651754498481750e-02
2.548255398869514465e-02
-2.953904867172241211e-02
9.060303121805191040e-02
-2.737153470516204834e-01
-2.719981037080287933e-02
9.210862964391708374e-02
-1.155097037553787231e-01
1.063895225524902344e-02
-7.633798569440841675e-02
-7.844483107328414917e-02
-5.873608961701393127e-02
7.230924814939498901e-02
-1.298290044069290161e-01
-1.655196398496627808e-01
7.838492095470428467e-02
-2.968193404376506805e-02
1.402605921030044556e-01
-1.177638992667198181e-01
3.119498724117875099e-03
-4.039800912141799927e-02
-6.769724190235137939e-02
1.340028829872608185e-03
6.818587332963943481e-02
-6.395436078310012817e-02
7.243432570248842239e-03
4.403306171298027039e-03
1.244436874985694885e-01
9.010502137243747711e-03
1.265493873506784439e-02
-5.398658290505409241e-02
7.620298117399215698e-02
-3.832258284091949463e-02
1.187993362545967102e-01
-5.046838894486427307e-02
-9.141009300947189331e-02
2.292946167290210724e-02
