1.059801131486892700e-01
5.453840270638465881e-02
5.508792772889137268e-02
8.071299642324447632e-03
-1.591321080923080444e-02
4.064640030264854431e-02
-1.164860352873802185e-01
-1.156276166439056396e-01
-5.420547723770141602e-02
-8.952321857213973999e-02
1.697293817996978760e-01
-1.484005153179168701e-01
1.976827904582023621e-02
-8.238203823566436768e-02
-1.411637067794799805e-01
-2.513181567192077637e-01
-1.251256316900253296e-01
-2.063163518905639648e-01
-7.347536832094192505e-02
3.163213655352592468e-02
1.850379072129726410e-02
1.485311686992645264e-01
-1.461530625820159912e-01
-1.162071228027343750e-01
1.103804782032966614e-01
1.565099358558654785e-01
1.197641789913177490e-01
1.897414913401007652e-04
8.021245896816253662e-02
-1.830105632543563843e-01
1.580047905445098877e-01
5.147160962224006653e-02
-1.855465322732925415e-01
1.274613440036773682e-01
-5.470590665936470032e-03
6.680335104465484619e-02
3.233493864536285400e-01
1.107122004032135010e-01
2.726610191166400909e-02
4.316311702132225037e-02
6.689827889204025269e-02
1.026413738727569580e-01
4.038499295711517334e-01
-1.612638309597969055e-02
-1.387460082769393921e-01
-1.383901573717594147e-02
1.680461019277572632e-01
-1.334744393825531006e-01
1.676951348781585693e-01
8.541276305913925171e-02
-4.053362086415290833e-02
1.303819715976715088e-01
3.383453786373138428e-01
-2.303924560546875000e-01
2.232795357704162598e-01
1.047080457210540771e-01
-1.020406857132911682e-01
-2.978697419166564941e-02
-1.277540922164916992e-01
-2.514635324478149414e-01
-8.820974081754684448e-02
1.076194718480110168e-01
1.863262355327606201e-01
1.492240130901336670e-01
6.275241076946258545e-02
2.500150911509990692e-02
6.540901958942413330e-02
-4.299549385905265808e-02
2.119030207395553589e-01
8.294825255870819092e-02
-2.912032417953014374e-02
-5.432045087218284607e-02
-1.584577262401580811e-01
1.499144434928894043e-01
-1.197558417916297913e-01
-2.383571267127990723e-01
1.639253050088882446e-01
-5.913899093866348267e-02
9.816213697195053101e-02
1.389777064323425293e-01
-1.160841956734657288e-01
-2.689720713533461094e-04
2.596000432968139648e-01
9.711295366287231445e-02
9.840942174196243286e-02
-1.138952746987342834e-02
-2.622194029390811920e-02
3.229329884052276611e-01
-9.666578471660614014e-02
1.456305682659149170e-01
-8.424617699347436428e-04
1.787533052265644073e-02
-6.518325209617614746e-02
-1.191458757966756821e-02
6.865347921848297119e-02
1.133994907140731812e-01
-5.823499057441949844e-03
6.296623498201370239e-03
6.052998825907707214e-02
-3.733339533209800720e-02
-8.012176491320133209e-03
1.822941899299621582e-01
-4.470933694392442703e-03
1.099418774247169495e-01
1.724113821983337402e-01
-1.759604215621948242e-01
2.207289189100265503e-01
-1.914808526635169983e-02
4.719853773713111877e-02
-7.937838323414325714e-03
2.654482424259185791e-01
-6.409001350402832031e-02
-5.313197523355484009e-02
-9.531030058860778809e-02
-8.118396997451782227e-02
-8.890925347805023193e-02
1.740804910659790039e-01
7.931627333164215088e-03
1.892103105783462524e-01
6.523101031780242920e-02
5.619880184531211853e-02
-1.248600520193576813e-02
-6.679601967334747314e-02
-5.453171208500862122e-02
8.287007361650466919e-02
-3.902093973010778427e-03
-3.271806612610816956e-02
5.637186393141746521e-02
2.437477931380271912e-02
7.707270234823226929e-02
-3.847169131040573120e-02
2.849797531962394714e-02
-1.626699715852737427e-01
-1.483048051595687866e-01
1.011934876441955566e-01
-2.105205878615379333e-02
1.152588725090026855e-01
6.377521902322769165e-02
-5.494344606995582581e-02
-6.306666415184736252e-03
6.503356248140335083e-02
1.541936490684747696e-02
-5.094600841403007507e-02
-1.205240413546562195e-01
-1.086647063493728638e-02
-8.496983349323272705e-02
-8.997535705566406250e-02
3.427456319332122803e-02
3.774618357419967651e-02
-5.422826483845710754e-02
-1.154469922184944153e-01
-3.186628222465515137e-02
7.201947271823883057e-02
-1.598492451012134552e-02
6.976966559886932373e-02
1.525285560637712479e-02
1.583049446344375610e-01
-1.947959214448928833e-01
-1.928478926420211792e-01
-1.290388405323028564e-01
-1.496103107929229736e-01
-2.463633418083190918e-01
-1.879794001579284668e-01
3.274222463369369507e-02
6.033213809132575989e-03
2.039160812273621559e-03
1.920963753946125507e-03
5.485069379210472107e-02
1.154182627797126770e-01
-2.854487597942352295e-01
1.455915868282318115e-01
-3.860485553741455078e-02
3.287898898124694824e-01
2.134904861450195312e-01
1.166038122028112411e-02
6.244510039687156677e-02
1.071587651968002319e-01
-1.574587374925613403e-01
1.087711472064256668e-02
2.835131250321865082e-02
1.674958169460296631e-01
8.612939715385437012e-02
-1.118132472038269043e-01
6.649200618267059326e-02
1.157685592770576477e-01
8.982050349004566669e-05
-1.277182400226593018e-01
-8.865698426961898804e-02
-3.388889729976654053e-01
-7.916709780693054199e-02
3.772504255175590515e-02
2.703882157802581787e-01
9.180300682783126831e-02
-1.019458323717117310e-01
1.828538030385971069e-01
3.298122584819793701e-01
3.254515826702117920e-01
2.765485048294067383e-01
-4.313315730541944504e-03
5.964828655123710632e-02
