7.938122004270553589e-02
4.492105171084403992e-02
2.862052060663700104e-02
-1.226082146167755127e-01
-1.058109998703002930e-01
1.664498448371887207e-01
3.659306094050407410e-02
-1.592566519975662231e-01
-7.870719581842422485e-02
2.334365099668502808e-01
-1.201715320348739624e-01
1.126474216580390930e-01
2.417992502450942993e-01
1.116443872451782227e-01
2.242699451744556427e-02
4.966323077678680420e-02
1.939724385738372803e-02
8.388127386569976807e-02
8.131382055580615997e-04
-1.683110184967517853e-02
1.321225613355636597e-01
-1.709921807050704956e-01
2.701821178197860718e-02
-1.165138091892004013e-02
-4.512020200490951538e-02
-1.821768879890441895e-01
9.488072246313095093e-02
-3.513173013925552368e-02
-1.453619543462991714e-02
-2.252847850322723389e-01
-1.126484423875808716e-01
-2.838594652712345123e-02
-5.369812995195388794e-02
6.990700215101242065e-02
2.945098280906677246e-02
-1.058351807296276093e-02
2.415341325104236603e-02
7.727947086095809937e-02
-2.803604304790496826e-02
6.878948956727981567e-02
-2.670692279934883118e-03
-1.154262796044349670e-01
8.536680042743682861e-02
7.620840519666671753e-02
1.436830461025238037e-01
1.603895574808120728e-01
-5.112116038799285889e-02
-2.128658741712570190e-01
2.892842330038547516e-02
8.011812716722488403e-02
-2.294973880052566528e-01
6.679554283618927002e-02
5.492496304214000702e-03
-7.326152175664901733e-02
1.481371521949768066e-01
2.717439457774162292e-02
1.524207890033721924e-01
-4.427530616521835327e-02
-9.982410818338394165e-03
5.380655080080032349e-02
-1.310037523508071899e-01
1.744077354669570923e-02
2.032358050346374512e-01
-8.819149434566497803e-02
1.996170580387115479e-01
-2.779635600745677948e-02
1.160765066742897034e-01
-2.754821628332138062e-02
-1.192634552717208862e-02
-4.102513939142227173e-02
-6.134510505944490433e-03
-2.027461528778076172e-01
1.323707997798919678e-01
4.344777762889862061e-02
1.744328998029232025e-02
-9.043595194816589355e-02
6.481291353702545166e-02
-1.633391948416829109e-03
1.848642900586128235e-02
5.829293513670563698e-04
1.259107440710067749e-01
-2.921351417899131775e-02
2.250215969979763031e-02
2.288379669189453125e-01
-1.770561933517456055e-01
-1.751672104001045227e-02
-7.462463527917861938e-02
-5.324892699718475342e-03
5.866724625229835510e-02
7.624184247106313705e-03
-1.123696006834506989e-02
1.068609207868576050e-01
4.109983146190643311e-02
8.643332123756408691e-02
-1.078794747591018677e-01
-7.715085148811340332e-02
5.389382690191268921e-02
-9.517288208007812500e-02
-9.427589923143386841e-02
1.387791987508535385e-02
2.887675911188125610e-02
-1.339875441044569016e-02
-5.480344966053962708e-02
6.251055002212524414e-02
-7.352066785097122192e-02
-8.336924947798252106e-03
6.129086017608642578e-02
-2.851945906877517700e-02
5.407634191215038300e-03
1.096150577068328857e-01
1.048483625054359436e-01
5.199023336172103882e-02
2.519780397415161133e-01
-4.365204274654388428e-02
9.551944211125373840e-03
-8.574205636978149414e-02
2.128940308466553688e-03
3.904751315712928772e-02
6.180078908801078796e-02
-1.636980473995208740e-01
-1.279984116554260254e-01
8.430483192205429077e-02
1.595972031354904175e-01
2.303123921155929565e-01
-1.375111043453216553e-01
2.823899872601032257e-02
1.321691274642944336e-01
8.486932516098022461e-02
4.843143746256828308e-02
5.591402947902679443e-02
-3.224277123808860779e-02
2.408568263053894043e-01
-2.752146311104297638e-02
1.174144074320793152e-01
3.858304023742675781e-02
1.006774380803108215e-01
5.975299328565597534e-02
4.254331290721893311e-01
-1.149030104279518127e-01
5.480770021677017212e-02
-1.158863827586174011e-01
-1.590505987405776978e-02
2.384135574102401733e-01
1.321545690298080444e-01
1.275447160005569458e-01
1.212982460856437683e-01
1.505086757242679596e-02
-9.090431779623031616e-02
2.447507716715335846e-02
-6.186118349432945251e-02
-4.971098154783248901e-02
-7.172761857509613037e-02
-5.365198478102684021e-02
2.010049670934677124e-02
1.393882650882005692e-02
8.888629823923110962e-02
5.206016451120376587e-02
1.289646625518798828e-01
-1.743799299001693726e-01
-2.882160805165767670e-02
-1.485945731401443481e-01
-1.310508549213409424e-01
-1.145238708704710007e-02
-1.039558649063110352e-01
-8.133181929588317871e-02
3.176549077033996582e-02
7.885487750172615051e-03
5.340679734945297241e-02
-3.398635610938072205e-02
6.564902514219284058e-02
4.191179573535919189e-02
-2.639904245734214783e-02
-4.967088624835014343e-02
-1.438685059547424316e-01
1.344238594174385071e-02
1.542886197566986084e-01
-1.213404685258865356e-01
-1.277536749839782715e-01
-1.909611374139785767e-02
-9.067828953266143799e-02
5.101813375949859619e-02
1.337433904409408569e-01
7.904691994190216064e-02
4.591286927461624146e-02
-8.539211750030517578e-02
-5.275261402130126953e-02
3.392105177044868469e-02
-1.018497496843338013e-01
-2.077936939895153046e-02
1.774624176323413849e-02
2.115851826965808868e-02
-1.686345487833023071e-01
-6.186697632074356079e-02
1.066742837429046631e-01
-1.461485624313354492e-01
6.570107489824295044e-02
-2.783285640180110931e-02
1.373433694243431091e-02
1.783019155263900757e-01
-8.132752031087875366e-02
