-1.271372735500335693e-01
2.699404954910278320e-02
8.212931454181671143e-02
-1.643369346857070923e-01
-8.230470865964889526e-02
1.812562793493270874e-01
-2.565596811473369598e-02
8.339241892099380493e-02
8.187837898731231689e-02
-9.579439461231231689e-02
2.496707998216152191e-02
-2.331553399562835693e-02
5.369766801595687866e-02
1.035035401582717896e-01
-1.829279512166976929e-01
4.143765568733215332e-02
-1.109774187207221985e-01
3.697579354047775269e-02
1.031713676638901234e-03
-5.930965766310691833e-02
-3.332650661468505859e-02
-1.640923880040645599e-02
2.273422852158546448e-02
5.741856247186660767e-02
-1.684755384922027588e-01
1.340822875499725342e-01
-1.351383775472640991e-01
-2.980235032737255096e-02
3.937749937176704407e-02
-2.248129397630691528e-01
9.315896034240722656e-02
1.182405054569244385e-01
-4.232686012983322144e-02
-8.825501799583435059e-02
-9.571740031242370605e-02
-8.506836742162704468e-02
4.952703416347503662e-02
1.049259155988693237e-01
2.382265180349349976e-01
-1.341823637485504150e-01
9.913170337677001953e-02
-1.124773696064949036e-01
-1.549558192491531372e-01
2.129166126251220703e-01
2.701228484511375427e-02
4.067601263523101807e-02
1.251156069338321686e-02
-1.182890236377716064e-01
-1.164453402161598206e-01
1.186534613370895386e-01
4.174694791436195374e-02
-1.518611237406730652e-02
-6.167482584714889526e-02
-1.134455204010009766e-02
1.059534493833780289e-02
-6.656689196825027466e-02
-7.226382195949554443e-02
2.328735589981079102e-01
6.159771606326103210e-02
-3.698866814374923706e-02
2.920564264059066772e-02
8.908283710479736328e-02
-1.321884691715240479e-01
1.156878471374511719e-02
-2.673953585326671600e-02
2.335729598999023438e-01
-3.147095441818237305e-01
-1.691125780344009399e-01
-7.050874084234237671e-02
1.212212145328521729e-01
7.591540366411209106e-02
5.274724960327148438e-02
-1.141102053225040436e-02
-9.409333765506744385e-02
9.009773284196853638e-02
-6.514542549848556519e-02
-1.198932081460952759e-01
1.309931427240371704e-01
1.101585924625396729e-01
-1.373712439090013504e-02
-7.620416581630706787e-02
7.053852081298828125e-02
1.022471264004707336e-01
-1.552198976278305054e-01
-2.151498757302761078e-02
7.069546729326248169e-02
-1.730030328035354614e-01
-3.546469658613204956e-02
-1.361364126205444336e-01
-3.560091182589530945e-02
1.427892148494720459e-01
-1.819988489151000977e-01
-5.555588006973266602e-02
1.451233681291341782e-02
-1.684188991785049438e-01
-8.071189373731613159e-02
-3.245018422603607178e-02
-1.197267100214958191e-01
4.220055043697357178e-02
-2.360670454800128937e-02
7.052946835756301880e-02
-3.489174693822860718e-02
4.001915827393531799e-02
9.502415359020233154e-02
-2.169168144464492798e-01
-2.591315805912017822e-01
6.268694251775741577e-02
-8.753610402345657349e-02
3.361026942729949951e-02
-2.343995496630668640e-02
1.530195120722055435e-02
-9.871231019496917725e-02
4.814115911722183228e-02
7.651544362306594849e-02
6.197737529873847961e-02
-5.305646359920501709e-02
2.762234210968017578e-02
7.763850688934326172e-02
-1.158759295940399170e-01
3.974662721157073975e-02
1.056498736143112183e-01
-7.171013206243515015e-02
-9.407329559326171875e-02
-1.948151737451553345e-02
-3.269578516483306885e-02
1.545517425984144211e-02
-2.342572808265686035e-02
-6.481894105672836304e-02
4.702370613813400269e-02
-3.945632651448249817e-02
1.420517545193433762e-02
9.781629592180252075e-02
1.923976838588714600e-01
-4.022329300642013550e-02
-9.045359492301940918e-02
-1.994794905185699463e-01
-3.037651069462299347e-02
-6.753586232662200928e-02
-3.010877408087253571e-02
-7.144676893949508667e-02
-4.414828121662139893e-02
-1.510827392339706421e-01
9.808275103569030762e-02
-1.455723494291305542e-01
9.205181896686553955e-02
-7.163105905055999756e-02
1.138845924288034439e-02
-1.190648004412651062e-01
3.948836028575897217e-02
1.476979404687881470e-01
7.290931791067123413e-02
4.651382192969322205e-02
1.810116022825241089e-01
-1.983071565628051758e-01
1.180450543761253357e-01
8.302584290504455566e-02
8.994078636169433594e-02
-9.883124381303787231e-02
6.848400831222534180e-02
2.123877555131912231e-01
-1.140448898077011108e-01
-7.142481207847595215e-02
-8.352331817150115967e-02
-2.433631382882595062e-02
5.461174249649047852e-02
-7.086652517318725586e-02
-8.927827328443527222e-02
-2.584807574748992920e-03
-2.451937794685363770e-01
-1.128635108470916748e-01
2.382049709558486938e-01
3.165929615497589111e-01
1.876777708530426025e-01
6.902714073657989502e-02
1.726337671279907227e-01
1.174686327576637268e-01
-1.986452378332614899e-02
1.154757142066955566e-01
-1.589126139879226685e-02
6.808539852499961853e-03
3.158439323306083679e-02
2.787202969193458557e-02
9.852717816829681396e-02
-3.634093999862670898e-01
2.317979186773300171e-01
-3.297336772084236145e-02
-1.285580247640609741e-01
1.094578430056571960e-01
-1.236262544989585876e-01
9.228119254112243652e-02
3.678935766220092773e-02
-1.702041327953338623e-01
-2.691710181534290314e-02
1.542474031448364258e-01
1.213044971227645874e-01
-1.022026836872100830e-01
1.021543145179748535e-01
-1.027255430817604065e-01
-1.039931997656822205e-01
-1.396634280681610107e-01
